01 PROBESPEC01 1 2 1 2130002010033010300103010123102101200013323322111023232003121330022233002300232320321030121133301332132323110111103122013221033333033010131020001020013122230033332010223101210202212121113113200232123220101312130320031313203330111013132110001311021212231023
02 PROBESPEC02 2 3 1 3110310111300230011200300321233121313033201301201212131033111332312202023303220010022012132313202013020020102030232101012011221231220200013130333211211320100231003212031123022221021210230321100201303022101323121031010001203300132030003202111333032010122210
03 PROBESPEC03 3 4 1 3032013223330120302303231100122120213330103332132320202230102220330232020021123212303100331230113322222312330110131323311101202122103331322032211021333320103330033310111030001102123000213210023221311032001330213213023231020131211312203113301301013001332001
04 PROBESPEC04 4 5 2 2113023223100020230132230031231223031303030021022220222200010333233131021122320131130032130020103331113310222222213111112120321103000313202100110213200210221012010232120103303031013232230223302133103130032311001302112211003312103203011313110313201110020332
05 PROBESPEC05 5 6 2 3213323310033133133001232030010200310001132110221223123121220113122312002302322321220311022220011233201310000220213211231101130012320023311000031110001131312020303330311021002202322100121112132133300312130110000121000100002103011100002301012223202220223203
06 PROBESPEC06 6 7 2 0302301021301200230313221211310030220330302122313131022132133211231122111221121201013112232100213300331230123013311103322031312333031203300211120313022331130202233000332201231331110131123321321232313022122333021230021200102201113211310213103002311330331313
07 PROBESPEC07 1 8 3 1012332323301200020331013120223123232022233222130212210033032000130310103101030021222130203030033300313300311030000101302131021023320000003221302233110213333222202012313331320222310211232033112033120330201322311110122231103202301202200013122303120211300002
08 PROBESPEC08 2 9 3 3303002210313121110220002300120123032223023313110310110213030032213021210131312331102221230233010132021232110323102103213021230312111111003211112100302223003312112012023002123020330101011102200012031302010203320003111133103303022312323021213020102310113330
09 PROBESPEC09 3 10 3 0022002003102022100203130123221023131232332012113302112232212001023033201132211203213003033132033322223320333212133102212130002322333320230010323113333201222021022312113100203002023000113211301100001333002112210200213300130301110112032323013132330101123102
10 PROBESPEC10 4 1 4 3202323003213132213020211101213311221331231131232131100230120301121002210201213223312102230313201202103013121302113232002001002120331202332301313102111210122301211331103122111203113310202310022102301233221000330220333120202210100312211022312212122100030133
11 PROBESPEC11 5 2 4 3120111133003311200312003203011320321302331300223231220113012321332011101201231310030310033113012031020013201301021220201223020220012213030030021123122300213300013313310221210112323322023210130112320221001302211022212320223211211103333210122220101223230321
12 PROBESPEC12 6 3 4 2201210103312011010002101202012203321030023323002203210011102232121230232221203021130010011221110213312331200003201333102023112123223113212202031123101203131200101212013303232011001130002000313011102302110210220010322020322323323313331012311000032323033231
13 PROBESPEC13 1 4 5 3203220122323110211211131023230312302223023230331101231223201020122221230301132203320233221311201200333330033333103331011302233001000301301230313012210122023223302213322110123312213020032021321133311013001031013121111030100312331010132121222111302312101311
14 PROBESPEC14 2 5 5 3230020102320301322011321200021120122331221020300133000031320212102032120010132023110221231111000031101120330200111010200112203102330011112111120030320010230213312203133200211131303323301232023003332312102330220213310103132212112323211300101322031230232222
15 PROBESPEC15 3 6 5 3033200033213023102110312120330332221302110121202321223123302232332013312012330232320230022221003021103323332211321120300133121111020321320211202020002103132030030312221112011023202003331022203133312103121003112120002130221222001230302012330223102312201233
16 PROBESPEC16 4 7 6 1311001300030102233101123001133300313133103301103101010030311032013030011120300000023301013101300200100222221321000001333100001301232122202301313221030212201201002322003110130112023013123122001210032000002010323102233130322103101222010012210130032010020212
17 PROBESPEC17 5 8 6 2112222101123011132132000321203330033030331133001022331200131300301121003233103201220033210030131213202110303102311221030102310323111312321203123021101233312102311120113103321123003002021130320313213023121322003120332132130133112233211120013303322232130132
18 PROBESPEC18 6 9 6 0211122210301032000101011121000001132022233220021200021223110133201203001133103310110312320010121311122110132232202020211113012023200033302132332320030210103020230130002100213111332201300233112331113021023122121300120200212222223320103101122233211202121032
19 PROBESPEC19 1 10 7 3312210002001200301332332322220033301112200330130122010123130312221301311002001013111130312213130002112111110312303030031231123111132322113011202133333231311102303023223130032332101232121312010233322022302232023020222313001101121103200101310333011200010002
20 PROBESPEC20 2 1 7 1031011212032332313011112030303302310131310023133231231210222213203013032300103203320320032102221323233001201231203300001330221101221113122011203310332031331210231133322032120230132231202130232231121122103010101020102030220321011101022330030213200033122122
21 PROBESPEC21 3 2 7 2111110012033300131101210333230103101102020203203111232031030102020013111323013013013022212210333010001203321033203110331010002101221232133101031120030101020223121321221210331022032313223023213223202113220202230321223013021230123323121112201201033112002332
22 PROBESPEC22 4 3 8 0331302022101101201113200203011323201023131213022333003311331023023100001203332221030221132222020221202130213011323211312003123033110112112213012221132123310000120100130311122012200000122201320021203133331122112301013232302311233113131112022203231230221112
23 PROBESPEC23 5 4 8 0333310131121332101113133001300312112203012120001110220231202312130100203301120233312303332133101310023002311312311302033212010020221000202133003233303131233320032113322113121003003230003203213000110010123321200320003012321302322200321202222132133211100212
24 PROBESPEC24 6 5 8 2133102013301333122333131230010122332221110113201112220213031330330013210033013210200031313223110231220200222233333201011111321233010130030033031103122333002031120000333203203230330303033003203203123302022130331320201201012131210133213122023001030220131200
25 PROBESPEC25 1 6 9 3130112100201321123132211211001202202313002311100030113033003211323213023220132321323003033232301131033230031231223323112030232130331001231323323010203323113223233031010220113233000110312201231000320322312131132130122210231200332231121232300032313130312302
26 PROBESPEC26 2 7 9 2131231123200221113202102232322201212132202202112022013203322023213321120111011132320113310200220311013121230323120331103102101220300233322201310123100010332203202131111021332033003031331131322010320111002121003100331321133102120130021020330123303123132220
27 PROBESPEC27 3 8 9 3020333102010102320113233301120231031033100331013212031202002312030211212223122311131121323331203212132112311122031020102321222000012031132302203220122220100321322112101012313310200210011220131221131331123121320230020122300013220120222133022202023223210201
28 PROBESPEC28 4 9 10 3002130110130101011311332012230231312031023320300300321230332231303021311111203220032321333230032103112202022302222110032100213222002203202302202001302022010331122323100013213323100112310022003211031010110302323133123310033001210333313313201221113333111220
29 PROBESPEC29 5 10 10 0203133030031011232121210120020003332031013223022200030303002030131020310011112230231312012313120231330000203000101133122123132302113220100110131022313021213222210230103313103002113001200132013212303123303111211131111130322010000002132233102111331331033322
30 PROBESPEC30 6 1 10 3230332031220330013323223130022122233011121323130120102233232121132130130320002313032213101131132300321202021113130112220230132312011131023231112303000311011020032001033202003020120220313011101000122100210113000110002233230103023333102301022330202101331222
31 PROBESPEC31 1 2 11 1221200022322132103001202333302203033022100321103023000330102001102332112000302121301100323021132221323211123230230220003120331103122033130230202131230122120322023330020103210202210022003122010133222210030123011021121213120231230003201232013323111033003101
32 PROBESPEC32 2 3 11 2303332320112120221231202332213233020312112111131200333023200030222201101231301122223131321023220011200131312101110032032303032021301011030110310330130103031031330323032123001203332310013010010123020331310303220012313131121332330331333230122211001210102212
33 PROBESPEC33 3 4 11 1310000321131010302302032301131022011000112001220312303013011112011202022022213211201202033012231113202200332301312203002101332133123122010323123002231023123232000023001120001211231101300003121220322232010222003232313222100112022230110231020100031203030021
34 PROBESPEC34 4 5 12 1003123133131021322113031103300030232221323122212302133322333212100122133131120220122131001002310111110001110021011032002200011321011032101203230121333013312301213110103313020013211111022323020020230002111131213300300011022100113003201000301220323230303103
35 PROBESPEC35 5 6 12 2303011101122000020300122100033121212333010213233310210322312312132320113001313202111200332023321211232303103033300210312321122220102201103311031310210301312123102003011300213220220010211023300023222323312203211012123021313231200033011012113030303211301022
36 PROBESPEC36 6 7 12 3301020223202133223331210130230213200121113122212033232013031333201312022323200213121313200003231131230313102111002002220202221321133321310323221310222010232020230131332333213300323020123033011133233331110322123021020013333312322213101021331203102210022213
