01 AQUAKIT 1 1 1 0000000000000000000000000000000000000000000000000000000000000000000000111100000000000111111000000000031111300000000001111110000000001111111100000001111111111000000111111111100000021111111120000000111111110000000001111110000000001011110100000000101001010000
02 TIDELING 1 2 1 0000000000000000000000000000000000000000000000000000000000000000000000111100000000000111111000000000331111330000000011111111000000011111111110000001111111111000001111111111110000021111111120000002111111112000000011111111000000001111111100000000101001010000
03 MARIMAW 1 3 1 0000000000000000000000000000000000000000000000000000000000000000000001111110000000000111111000000000331111330000000111111111100000111111111111000011111111111100001111111111110000221111111122000022221111222200000211111111200000001111111100000000101111010000
04 DRIPLING 1 4 2 0000010000100000000000000000000000000001100000000000001111000000000003111130000000000111111000000000011111100000000000111100000000000111111000001100011111100011110000111100001122001111111100220000111111110000000011111111000000001111111100000000001111000000
05 FLOWMAW 1 6 2 0000010000100000000000000000000000000001100000000000011111100000000033111133000000000111111000000000011111100000000000111100000000000111111000001100011111100011110000111100001122001111111100220002111111112000000211111111200000001111111100000000001111000000
06 WAVEPAW 1 9 2 0000010000100000000000000000000000000011110000000000011111100000000033111133000000000111111000000000011111100000000000111100000000000111111000001100011111100011110001111110001122021111111120220022221111222200002211111111220000021111111120000000011111100000
07 PLAINMAW 2 1 3 0000000000000000000000000000000000000001100000000000001111000000000003111130000000000111111000000000011111100000000000011000000000000000000000000000111111110000010111111111101002221111111122200022111111112200000211111111200000001111111100000000000000000000
08 DUSTYPAW 2 2 3 0000000000000000000000000000000000000001100000000000011111100000000033111133000000000111111000000000011111100000000000111100000000000000000000000001111111111000011111111111111002221111111122200222111111112220002211111111220000021111111120000000000000000000
09 MUNDWING 2 3 3 0000000000000000000000000000000000000011110000000000011111100000000033111133000000000111111000000000011111100000000000111100000000000111111000000001111111111000011111111111111002221111111122200222221111222220022211111111222000021111111120000000011111100000
10 TUFTPAW 2 4 4 0000000000000000000010000001000000001000000100000000100000010000000000111100000000000111111000000000031111300000000001111110000000000111111000000000111111110000000011111111000000001111111100000000011111100000000001111110000000001111111100000000101111010000
11 PEBBWING 2 6 4 0000100000010000000010000001000000001000000100000000000000000000000000111100000000000111111000000000331111330000000011111111000000001111111100000000111111110000000011111111000000001111111100000000111111110000000001111110000000001111111100000000101111010000
12 FLUFFTAIL 2 8 4 0000100000010000000010000001000000001000000100000000000000000000000001111110000000000111111000000000331111330000000011111111000000001111111100000000111111110000000011111111000000001111111100000000221111220000000011111111000000001111111100000000111111110000
13 EMBERWING 3 1 5 0000101001010000000011000011000000110000000011000000001111000000000003111130000000000111111000000000011111100000000001111110000000000111111000000000111111110000000011111111000000001111111100000000011111100000000001111110000000000111111000000000001111000000
14 CINDTAIL 3 2 5 0000101001010000000011000011000000110001100011000000011111100000000033111133000000000111111000000000011111100000000001111110000000001111111100000000111111110000000011111111000000001111111100000000111111110000000001111110000000000111111000000000001111000000
15 BLAZEFANG 3 3 5 0000101001010000000011000011000000110011110011000000011111100000000033111133000000000111111000000000011111100000000011111111000000001111111100000000111111110000000011111111000000001111111100000000221111220000000011111111000000000111111000000000011111100000
16 SCORCHTAIL 3 4 6 0000010000100000000000000000000000000001100000000000001111000000000003111130000000000111111000000000011111100000000001111110000000001111111100000001111111111000010111111111101002021111111120200000111111110000000001111110000000001011110100000000101001010000
17 MAGMAFANG 3 6 6 0000010000100000000000000000000000000001100000000000011111100000000033111133000000000111111000000000011111100000000011111111000000011111111110000001111111111000011111111111111002021111111120200002111111112000000011111111000000001111111100000000101001010000
18 SOOTHORN 3 10 6 0000010000100000000000000000000000000011110000000000011111100000000033111133000000000111111000000000111111110000000111111111100000111111111111000011111111111100011111111111111002221111111122200022221111222200000211111111200000001111111100000000101111010000
19 FROSTFANG 4 1 7 0000000000000000000010000001000000001000000100000000000000000000000000111100000000000111111000000000031111300000000001111110000000000111111000001100111111110011110111111111101122221111111122220022111111112200000211111111200000001111111100000000000000000000
20 GLACIHORN 4 2 7 0000100000010000000010000001000000000000000000000000000000000000000000111100000000000111111000000000331111330000000011111111000000000111111000001101111111111011111111111111111122221111111122220222111111112220002211111111220000021111111120000000000000000000
21 RIMECLAW 4 3 7 0000100000010000000010000001000000000000000000000000000000000000000001111110000000000111111000000000331111330000000011111111000000000111111000001101111111111011111111111111111122221111111122220222221111222220022211111111222000021111111120000000011111100000
22 SLEETHORN 4 4 8 0000000000000000000000000000000000000001100000000000001111000000000003111130000000000111111000000000011111100000000001111110000000000111111000000000111111110000010011111111001002001111111100200000011111100000000001111110000000001111111100000000101111010000
23 CHILLCLAW 4 6 8 0000000000000000000000000000000000000001100000000000011111100000000033111133000000000111111000000000011111100000000001111110000000001111111100000000111111110000010011111111001002001111111100200000111111110000000001111110000000001111111100000000101111010000
24 SHIVERPUP 4 9 8 0000000000000000000000000000000000000011110000000000011111100000000033111133000000000111111000000000011111100000000011111111000000001111111100000000111111110000010011111111001002001111111100200000221111220000000011111111000000001111111100000000111111110000
25 LEAFCLAW 5 1 9 0000101001010000000011000011000000110000000011000000001111000000000003111130000000000111111000000000011111100000000001111110000000001111111100000001111111111000010111111111101002021111111120200000111111110000000001111110000000001011110100000000101001010000
26 VINEPUP 5 2 9 0000101001010000000011000011000000110001100011000000011111100000000033111133000000000111111000000000011111100000000011111111000000011111111110000001111111111000011111111111111002021111111120200002111111112000000011111111000000001111111100000000101001010000
27 BLOOMMANE 5 3 9 0000101001010000000011000011000000110011110011000000011111100000000033111133000000000111111000000000111111110000000111111111100000111111111111000011111111111100011111111111111002221111111122200022221111222200000211111111200000001111111100000000101111010000
28 THORNPUP 5 4 10 0000000000000000000010000001000000001000000100000000000000000000000000111100000000000111111000000000031111300000000001111110000000000111111000000000011111100000000000111100000000001111111100000000111111110000000011111111000000001111111100000000001111000000
29 MOSSMANE 5 6 10 0000100000010000000010000001000000000000000000000000000000000000000000111100000000000111111000000000331111330000000011111111000000000111111000000000011111100000000000111100000000001111111100000002111111112000000211111111200000001111111100000000001111000000
30 SPROUTSCAL 5 10 10 0000100000010000000010000001000000000000000000000000000000000000000001111110000000000111111000000000331111330000000011111111000000000111111000000000011111100000000001111110000000021111111120000022221111222200002211111111220000021111111120000000011111100000
31 VOLTMANE 6 1 11 0000011001100000000011000011000000110000000011000000001111000000000003111130000000000111111000000000011111100000000000111100000000000000000000000000111111110000000111111111100000221111111122000022111111112200000211111111200000001111111100000000000000000000
32 SPARKSCALE 6 2 11 0000011001100000000011000011000000110001100011000000011111100000000033111133000000000111111000000000011111100000000000111100000000000000000000000001111111111000001111111111110002221111111122200222111111112220002211111111220000021111111120000000000000000000
33 ARCKIT 6 3 11 0000011001100000000011000011000000110011110011000000011111100000000033111133000000000111111000000000011111100000000000111100000000000111111000000001111111111000011111111111111002221111111122200222221111222220022211111111222000021111111120000000011111100000
34 JOLTSCALE 6 4 12 0000100000010000000010000001000000000001100000000000001111000000000003111130000000000111111000000000011111100000000001111110000000000111111000001100111111110011110011111111001122001111111100220000011111100000000001111110000000000111111000000000001111000000
35 OHMKIT 6 6 12 0000100000010000000010000001000000000001100000000000011111100000000033111133000000000111111000000000011111100000000001111110000000001111111100001100111111110011110011111111001122001111111100220000111111110000000001111110000000000111111000000000001111000000
36 STATICLING 6 8 12 0000100000010000000010000001000000000011110000000000011111100000000033111133000000000111111000000000011111100000000011111111000000001111111100001100111111110011110011111111001122001111111100220000221111220000000011111111000000000111111000000000011111100000
